116
1563
1583
1592
1593
1595
1596
1597
1598
1601
1602
1604
1605
1606
1607
1608
1609
1610
1612
1613
1614
1615
1616
1620
1621
1622
1623
1624
1625
1627
1628
1629
1630
1631
1632
1636
1637
1638
1639
1641
1642
1645
1647
1648
1649
1650
1651
1652
1653
1654
1655
1656
1657
1658
1659
1660
1663
1664
1665
1666
1668
1669
1670
1671
1672
1673
1674
1675
1676
1677
1678
1679
1682
1683
1684
1685
1686
1687
1688
1689
1693
1694
1695
1696
1697
1701
1705
1709
1711
1712
1713
1714
1715
1716
1717
1718
1719
1720
1721
1722
1723
1724
1725
1726
1727
1728
1729
1730
1731
1732
1733
1734
1735
1736
1737
1738
1739
1740
1741
1742
1743
1744
1745
1746
1747
1748
1749
1750
1751
1752
1753
1754
1755
1756
1757
1758
1759
1760
1761
1762
1763
1764
1765
1766
1767
1768
1769
1770
1771
1772
1773
1774
1775
1776
1777
1778
1779
1780
1781
1782
1783
1784
1785
1786
1787
1788
1789
1790
1791
1792
1793
1794
1795
1796
1797
1798
1799
1800
1801
1802
1803
1804
1805
1806
1807
1808
1809
1810
1811
1812
1813
1814
1816
1817
1818
1819
1820
1821
1823
1830
1831
1832
1833
1834
1835
1837
1838
1839
1840
1842
1843
1844
1846
1851
1852
1853
1855
1856
1857
1858
1859
1860
1861
1862
1863
1864
1865
1866
1867
1868
1869
1870
1871
1872
1873
1874
1876
1877
1878
1879
1880
1881
1882
1883
1884
1885
1888
1889
1890
1891
1892
1893
1894
1895
1896
1897
1898
1899
1902
1903
1904
1905
1906
1907
1908
1909
1910
1911
1912
1913
1914
1915
1916
1917
1918
1922
4358
4359
4364
4373
4374
4382
4385
4386
4387
4388
4389
4390
4391
4392
4393
4394
4395
4397
4398
4400
4401
4402
4403
4404
4405
4406
4407
4408
4409
4410
4411
4412
4413
4414
4415
4416
4417
4418
4419
4420
4421
4422
4423
4424
4425
4427
4428
4431
4437
4438
4439
4440
4441
4443
4444
4445
4446
4447
4448
4449
4452
4457
4459
4461
4462
4463
4464
4465
4466
4469
4470
4471
4472
4473
4474
4475
4476
4477
4478
4479
4480
4481
4482
4483
4484
4485
4486
4487
4488
4489
4490
4491
4492
4493
4494
4495
4496
4497
4498
4499
4502
4503
4504
4505
4506
4507
4508
4509
4510
4511
4512
4513
4514
4515
4516
4517
4518
4519
4520
4521
4522
4523
4524
4525
4526
4527
4528
4529
4530
4531
4532
4533
4534
4535
4538
4539
4540
4541
4542
4543
4544
4545
4546
4547
4548
4549
4550
4551
4552
4555
4556
4557
4558
4559
4560
4561
4562
4563
4564
4565
4566
4567
4568
4569
4570
4571
4573
4574
4575
4576
4577
4578
4579
4582
4583
4584
4585
4586
4589
4593
4594
4596
4601
4603
4604
4605
4606
4608
4610
4611
4612
4613
4614
4615
4622
4623
4624
4625
4626
4627
4628
4629
4630
4631
4632
4633
4634
4635
4636
4637
4638
4639
4640
4641
4642
4643
4646
4647
4648
4649
4650
4652
4653
4654
4655
4656
4658
4659
4660
4661
4668
4680
4681
4682
4683
4684
4685
4693
4696
4698
4699
4700
4703
4707
4708
4709
4710
4711
4712
4713
4716
4717
4718
4719
4720
4721
4722
4723
4724
4725
4726
4727
4728
4729
4730
4732
8613
8615
8617
8626
8631
8632
8633
8634
8635
8637
8638
8640
8641
8642
8644
8645
8646
8647
8648
8649
8651
8652
8653
8654
8655
8656
8657
8658
8660
8661
8662
8663
8664
8665
8667
8668
8669
8671
8672
8673
8674
8675
8677
8678
8680
8681
8682
8683
8684
8685
8687
8688
8689
8690
8692
8693
8694
8695
8696
8698
8701
8702
8704
8706
8707
8709
8711
8713
8714
8715
8716
8717
8718
8719
8720
8721
8722
8723
8724
8726
8727
8728
8729
8730
8731
8732
8733
8734
8735
8736
8737
8738
8739
8740
8744
8745
8746
8747
8748
8749
8750
8751
8752
8753
8757
8758
8759
8760
8761
8762
8763
8764
8765
8766
8767
8768
8769
8770
8771
8772
8773
8774
8775
8776
8777
8778
8779
8780
8781
8782
8783
8784
8785
8786
8787
8788
8789
8790
8791
8792
8794
8796
8798
8799
8800
8801
8807
8808
8809
8810
8811
8812
8813
8814
8815
8816
8817
8819
8821
8825
8836
8837
8838
8839
8844
8845
8846
8847
8848
8849
8850
8851
8852
8853
8854
8855
8857
8858
8859
8860
8861
8862
8863
8864
8865
8866
8867
8868
8869
8870
8871
8872
8873
8874
8875
8876
8879
8880
8883
8884
8885
8886
8891
8906
8907
8920
8921
8922
8923
8924
8925
8926
8927
8928
8929
8930
8931
8935
8937
8938
8939
8940
8941
8944
8945
8946
8947
8949
8950
8951
8952
8953
8954
8959
8962
8965
8966
8967
8968
8971
9762
9767
9768
9769
9771
9772
9773
9774
9777
9781
9782
9783
9784
9785
9787
9788
9791
9792
9793
9794
9795
9796
9797
9798
9800
9804
9805
9806
9808
9809
9810
9811
9812
9813
9815
9816
9817
9818
9819
9820
9821
9822
9824
9825
9826
9829
9830
9831
9832
9833
9834
9835
9837
9839
9840
9841
9842
9843
9847
9848
9850
9851
9852
9853
9854
9855
9856
9857
9858
9859
9860
9861
9862
9865
9866
9867
9868
9869
9870
9871
9872
9873
9874
9875
9876
9877
9878
9879
9880
9881
9882
9884
9885
9886
9887
9888
9889
9890
9891
9892
9893
9894
9895
9896
9897
9898
9899
9900
9901
9902
9903
9904
9905
9906
9909
9911
9912
9913
9914
9915
9916
9917
9918
9919
9920
9921
9922
9923
9924
9925
9926
9927
9928
9929
9930
9931
9932
9933
9934
9935
9936
9937
9938
9939
9940
9941
9942
9943
9945
9946
9949
9950
9951
9952
9953
9954
9955
9958
9959
9960
9961
9962
9963
9964
9966
9967
9968
9969
9970
9971
9972
9973
9974
9975
9976
9977
9981
9982
9983
9984
9985
9988
9990
9991
9993
9994
9999
10000
10001
10004
10009
10012
10013
10015
10016
10017
10018
10020
10024
10025
10026
10027
10028
10029
10030
10031
10032
10033
10034
10035
10036
10037
10038
10039
10040
10041
10042
10043
10044
10047
10048
10049
10050
10053
10054
10055
10056
10057
10061
10067
10068
10069
10070
10072
10073
10074
10075
10079
10080
10081
10082
10083
10084
10085
10086
10087
10088
10089
10090
10091
10093
10094
10095
10096
10098
10099
10100
10101
10103
10105
10108
10109
10110
10111
10112
10113
10114
10115
10117
10118
10119
10120
10121
10122
10123
10124
10125
10126
10127
10130
10132
10133
12159
12160
12168
12177
12178
12179
12180
12183
12185
12186
12188
12189
12190
12191
12192
12196
12197
12198
12199
12200
12202
12203
12204
12205
12206
12208
12210
12211
12212
12213
12216
12218
12219
12220
12221
12222
12223
12225
12226
12228
12229
12230
12231
12234
12236
12237
12238
12239
12240
12241
12242
12243
12245
12246
12247
12248
12249
12250
12251
12253
12255
12256
12258
12259
12260
12261
12262
12263
12264
12265
12266
12267
12268
12269
12270
12271
12272
12273
12274
12275
12276
12277
12278
12279
12280
12281
12282
12283
12285
12288
12290
12291
12292
12293
12294
12295
12296
12297
12298
12299
12300
12301
12302
12303
12304
12308
12309
12310
12311
12312
12313
12314
12315
12322
12323
12324
12325
12326
12327
12328
12329
12330
12331
12332
12333
12334
12335
12336
12337
12338
12339
12340
12341
12342
12343
12344
12345
12347
12348
12349
12350
12351
12352
12353
12354
12355
12356
12357
12358
12360
12361
12362
12363
12365
12366
12367
12368
12370
12373
12375
12376
12377
12378
12379
12380
12381
12382
12384
12385
12386
12387
12388
12389
12391
12392
12393
12394
12395
12396
12397
12398
12399
12400
12401
12403
12405
12406
12407
12409
12410
12411
12416
12417
12418
12419
12420
12421
12423
12424
12428
12429
12430
12431
12432
12434
12435
12436
12437
12438
12439
12443
12444
12446
12451
12458
12474
12476
12478
12480
12481
12482
12483
12484
12485
12486
12490
12492
12501
12502
12503
12504
12505
12506
12507
12508
12509
12510
12511
12512
12513
12514
12518
12520
12521
12522
12527
12529
12531
12532
12533
12534
68344
68345
68462
69066
69283
69336
178660
178707
178755
178766
178841
178848
178924
178969
179010
179014
179015
179017
179018
179020
179021
179023
179024
179027
179028
179030
179031
179032
179033
179035
179036
179037
179038
179039
179040
179041
179042
179044
179045
179046
179047
179048
179050
179051
179052
179053
179054
179057
179058
179059
179060
179062
179065
179069
179070
179071
179072
179073
179074
179076
179078
179079
179080
179081
179082
179083
179084
179087
179088
179089
179090
179091
179092
179095
179097
179098
179100
179101
179103
179104
179105
179106
179107
179108
179109
179110
179111
179112
179113
179114
179115
179116
179117
179118
179120
179121
179122
179123
179124
179125
179126
179127
179129
179130
179131
179132
179134
179136
179137
179138
179139
179140
179141
179142
179143
179144
179145
179147
179148
179150
179152
179153
179154
179159
179171
179172
179173
179174
179175
179180
179184
179187
179188
179189
179191
179192
179193
179194
179195
179199
179200
179202
179203
179204
179205
179206
179207
179208
179209
179210
179214
179215
179218
179221
179223
179224
179225
179226
179228
179229
179232
179233
179234
179235
179236
179237
179241
179242
179243
179244
179246
179250
179261
179262
179276
179285
179289
179290
179291
179292
179304
179305
179330