before FG=1376946 pid=11184 mt=9748 ct=10900 ft=11212
show=True
bring=True
foreground=True
after FG=658162 pid=15108
461538 | AtlAxWin140 |  | 0,274,3600,274
396280 | ATL:000000000CD1FFA0 |  | 0,274,3600,274
395830 | WTL_DotNetTabCtrl |  | 0,274,3600,274
396210 | AtlAxWin140 |  | 0,0,2668,0
330678 | XTPStatusBar |  | 0,1952,3600,1992
330666 | XTPDockBar | xtpBarTop | 0,0,3600,274
396256 | XTPToolBar | Ribbon | 0,0,3600,274
199336 | RICHEDIT50W |  | 3106,62,3412,92
264864 | RICHEDIT50W |  | 438,200,516,230
2165554 | XTPDockBar | xtpBarBottom | 0,1952,3600,1952
330704 | XTPDockBar | xtpBarLeft | 0,274,0,1952
1313702 | XTPDockBar | xtpBarRight | 3600,274,3600,1952
330708 | Afx:00007FFF7AC30000:0:0000000000010003:0000000000000000:0000000000000000 |  | 0,0,0,0
396186 | ATL:0000000010FB33D0 | AppletFrame | 0,274,3600,1952
263734 | ATL:0000000010FB33D0 |  | 0,274,808,1690
525582 | ATL:0000000010FB33D0 |  | 0,274,404,982
461192 | AtlAxWin140 |  | 0,312,404,982
264590 | ATL:000000000CD203A0 |  | 0,312,404,982
393880 | ATL:0000000010FB33D0 |  | 0,274,404,982
526726 | AtlAxWin140 |  | 0,312,404,982
526716 | ATL:000000000CD203A0 |  | 0,312,404,982
263718 | ATL:0000000010FB33D0 |  | 0,274,404,982
132716 | AtlAxWin140 |  | 0,312,404,982
132718 | ATL:000000000CD203A0 |  | 0,312,404,982
394780 | ATL:0000000010FB33D0 |  | 0,274,404,1690
132742 | AtlAxWin140 |  | 0,312,404,1690
132744 | ATL:000000000CD203A0 |  | 0,312,404,1690
656742 | ATL:0000000010FB33D0 |  | 0,274,808,1690
132762 | AtlAxWin140 |  | 0,312,808,1690
132764 | ATL:000000000CD203A0 |  | 0,312,808,1690
197976 | ATL:0000000010FB33D0 |  | 0,274,808,1690
132758 | AtlAxWin140 |  | 0,312,808,1690
132760 | ATL:000000000CD203A0 |  | 0,312,808,1690
132438 | ATL:0000000010FB33D0 |  | 0,274,808,1690
329042 | AtlAxWin140 |  | 0,312,808,1690
9175546 | ATL:000000000CD203A0 |  | 0,312,808,1690
329036 | ATL:0000000010FB33D0 |  | 0,274,808,316
132754 | AtlAxWin140 |  | 0,312,808,316
132756 | ATL:000000000CD203A0 |  | 0,312,808,316
329034 | ATL:0000000010FB33D0 |  | 0,274,808,1690
132750 | AtlAxWin140 |  | 0,312,808,1690
132752 | ATL:000000000CD203A0 |  | 0,312,808,1690
329032 | ATL:0000000010FB33D0 |  | 0,274,808,1690
132746 | AtlAxWin140 |  | 0,312,808,1690
132748 | ATL:000000000CD203A0 |  | 0,312,808,1690
328130 | ATL:0000000010FB33D0 |  | 0,274,1348,982
459572 | AtlAxWin140 |  | 0,312,1348,982
5308992 | ATL:000000000CD203A0 |  | 0,312,1348,982
197112 | ATL:0000000010FB33D0 |  | 0,274,404,982
132720 | AtlAxWin140 |  | 0,312,404,982
132722 | ATL:000000000CD203A0 |  | 0,312,404,982
262652 | ATL:0000000010FB33D0 |  | 0,274,404,982
132712 | AtlAxWin140 |  | 0,312,404,982
132714 | ATL:000000000CD203A0 |  | 0,312,404,982
329006 | ATL:0000000010FB33D0 |  | 0,274,404,982
199298 | AtlAxWin140 |  | 0,312,404,982
7604868 | ATL:000000000CD203A0 |  | 0,312,404,982
1180924 | ATL:0000000010FB33D0 |  | 0,274,2156,982
133626 | AtlAxWin140 |  | 0,312,2156,982
133628 | ATL:000000000CD203A0 |  | 0,312,2156,982
527086 | Qt51519QWindowOwnDC | DS | 0,312,2156,982
591094 | ATL:0000000010FB33D0 |  | 0,274,2156,1690
264592 | AtlAxWin140 |  | 0,312,2156,1690
264594 | ATL:000000000CD203A0 |  | 0,312,2156,1690
263292 | ATL:0000000010FB33D0 |  | 0,274,2156,982
721564 | AtlAxWin140 |  | 0,312,2156,982
393674 | ATL:000000000CD203A0 |  | 0,312,2156,982
394358 | ATL:0000000010FB33D0 |  | 0,274,2156,1690
199284 | AtlAxWin140 |  | 0,312,2156,1690
9962772 | ATL:000000000CD203A0 |  | 0,312,2156,1690
525428 | ATL:0000000010FB33D0 |  | 0,274,1348,1690
133630 | AtlAxWin140 |  | 0,312,1348,1690
330116 | ATL:000000000CD203A0 |  | 0,312,1348,1690
394340 | ATL:0000000010FB33D0 |  | 0,274,1348,1690
199144 | AtlAxWin140 |  | 0,312,1348,1690
133610 | Shell Embedding |  | 0,312,1348,1690
133618 | Shell DocObject View |  | 0,312,1348,1690
199156 | Internet Explorer_Server |  | 0,312,1348,1690
459772 | ATL:0000000010FB33D0 |  | 0,274,1348,556
134150 | AtlAxWin140 |  | 0,312,1348,556
134144 | Shell Embedding |  | 0,312,1348,556
199678 | Shell DocObject View |  | 0,312,1348,556
199440 | Internet Explorer_Server |  | 0,312,1348,556
265188 | ATL:0000000010AD1BA0 |  | 20,390,1294,574
655404 | ATL:0000000010FB33D0 |  | 0,274,1348,556
524734 | ATL:0000000010FB33D0 |  | 0,274,404,840
199316 | AtlAxWin140 |  | 0,326,404,840
4850996 | ATL:000000000CD1FEA0 |  | 0,326,404,840
461632 | ATL:SysListView32 |  | 0,326,404,840
265022 | SysHeader32 |  | 0,326,404,326
198986 | XTPStatusBar |  | 0,274,0,274
199010 | XTPDockBar | xtpBarTop | 0,274,404,326
330596 | XTPToolBar | Section Planes | 0,274,404,326
199000 | XTPToolBar | Menu Bar | 0,274,94,326
199364 | XTPDockBar | xtpBarBottom | 0,840,404,840
198998 | XTPDockBar | xtpBarLeft | 0,326,0,840
198990 | XTPDockBar | xtpBarRight | 404,326,404,840
199004 | Afx:00007FFF7AC30000:0:0000000000010003:0000000000000000:0000000000000000 |  | 0,274,0,274
263474 | ATL:0000000010FB33D0 |  | 0,274,1348,556
132694 | AtlAxWin140 |  | 0,312,1348,556
197966 | ATL:000000000CD201A0 |  | 0,312,1348,556
262724 | Edit |  | 0,312,0,312
132700 | Edit |  | 0,312,0,312
132702 | Edit |  | 0,312,0,312
132704 | ComboBox |  | 0,312,0,358
132708 | ComboBox |  | 0,312,0,358
329060 | Edit |  | 6,318,6,352
133768 | ATL:0000000010FB33D0 |  | 0,274,1348,556
263442 | AtlAxWin140 |  | 0,312,1348,556
197980 | ATL:0000000010AD1BA0 |  | 0,312,1348,556
264844 | ATL:0000000010FB33D0 |  | 0,274,2696,1690
330142 | AtlAxWin140 |  | 0,312,2696,1690
133542 | ATL:000000000D1E0160 |  | 0,312,2696,1690
133544 | WBSheetTabCtrl | WBSheetTabCtrl | 0,1656,2696,1690
330692 | XTPDockingPaneManager |  | 0,274,0,274
197928 | ATL:0000000010FB33D0 |  | 0,314,344,822
133584 | AtlAxWin140 |  | 0,314,344,822
133586 | ATL:000000000D1E0160 |  | 0,314,344,822
133588 | WBSheetTabCtrl | WBSheetTabCtrl | 0,822,344,822
133648 | AtlAxWin140 |  | 0,314,344,784
133650 | ATL:000000000D1E05C0 |  | 0,314,344,784
133652 | WBGfxSplitWindow | WBGfxSplitWindow | 0,314,344,784
199190 | AtlAxWin140 |  | 0,314,344,822
133656 | Internet Explorer_Server |  | 0,314,344,822
394498 | ATL:0000000010FB33D0 |  | 0,314,344,820
133578 | AtlAxWin140 |  | 0,314,344,820
133580 | ATL:000000000D1E0160 |  | 0,314,344,820
133582 | WBSheetTabCtrl | WBSheetTabCtrl | 0,820,344,820
133590 | AtlAxWin140 |  | 0,314,344,782
395758 | ATL:000000000D1E05C0 |  | 0,314,344,782
133640 | WBGfxSplitWindow | WBGfxSplitWindow | 0,314,344,782
133642 | AtlAxWin140 |  | 0,314,344,820
133644 | Internet Explorer_Server |  | 0,314,344,820
199318 | ATL:0000000010FB33D0 |  | 0,274,2696,1690
199320 | ATL:0000000010FB33D0 |  | 0,274,2696,1690
133754 | ATL:0000000010FB33D0 |  | 0,274,808,1690
132410 | ATL:0000000010FB33D0 |  | 0,274,1348,556
197948 | ATL:0000000010FB33D0 |  | 0,274,404,840
394522 | ATL:0000000010FB33D0 |  | 0,274,404,840
328158 | ATL:0000000010FB33D0 |  | 0,274,404,840
393716 | ATL:0000000010FB33D0 |  | 0,274,1348,556
393488 | ATL:0000000010FB33D0 |  | 0,274,1348,556
524472 | ATL:0000000010FB33D0 |  | 0,274,1348,556
590502 | ATL:0000000010FB33D0 |  | 0,274,1348,556
459574 | ATL:0000000010FB33D0 |  | 0,274,1348,556
394920 | AtlAxWin140 |  | 0,326,1348,556
263852 | ATL:000000000CD201A0 |  | 0,326,1348,556
1050950 | Edit |  | 0,326,0,326
264524 | Edit |  | 0,326,0,326
199008 | Edit |  | 0,326,0,326
198992 | ComboBox |  | 0,326,0,372
198994 | ComboBox |  | 0,326,0,372
198984 | Edit |  | 6,332,6,366
199366 | XTPStatusBar |  | 0,274,0,274
132422 | XTPDockBar | xtpBarTop | 0,274,1348,326
330594 | XTPToolBar | Messages | 0,274,1220,326
199516 | XTPToolBar | Menu Bar | 0,274,94,326
132442 | XTPDockBar | xtpBarBottom | 0,556,1348,556
199400 | XTPDockBar | xtpBarLeft | 0,326,0,556
330568 | XTPDockBar | xtpBarRight | 1348,326,1348,556
199518 | Afx:00007FFF7AC30000:0:0000000000010003:0000000000000000:0000000000000000 |  | 0,274,0,274
460334 | ATL:0000000010FB33D0 |  | 0,274,404,982
394534 | ATL:0000000010FB33D0 |  | 0,274,404,982
132724 | AtlAxWin140 |  | 0,312,404,982
132726 | ATL:000000000CD203A0 |  | 0,312,404,982
328970 | ATL:0000000010FB33D0 |  | 0,274,404,982
197904 | AtlAxWin140 |  | 0,312,404,982
132728 | ATL:000000000CD203A0 |  | 0,312,404,982
460068 | ATL:0000000010FB33D0 |  | 0,274,404,982
132734 | AtlAxWin140 |  | 0,312,404,982
132736 | ATL:000000000CD203A0 |  | 0,312,404,982
329260 | ATL:0000000010FB33D0 |  | 0,274,404,982
132738 | AtlAxWin140 |  | 0,312,404,982
132740 | ATL:000000000CD203A0 |  | 0,312,404,982
329258 | ATL:0000000010FB33D0 |  | 0,274,404,982
1049864 | ATL:0000000010FB33D0 |  | 0,274,404,982
393790 | ATL:0000000010FB33D0 |  | 0,274,404,1690
132730 | AtlAxWin140 |  | 0,312,404,1690
132732 | ATL:000000000CD203A0 |  | 0,312,404,1690
262338 | ATL:0000000010FB33D0 |  | 0,274,1348,556
329268 | ATL:0000000010FB33D0 |  | 0,274,404,982
132766 | AtlAxWin140 |  | 0,312,404,982
132768 | ATL:000000000CD203A0 |  | 0,312,404,982
22612600 | XTPDockingPaneSplitter | Splitter | 758,274,766,1952
9374342 | XTPDockingPaneSplitter | Splitter | 0,1274,758,1282
264860 | XTPDockingPaneTabbedContainer | Outline | 0,274,758,1274
133758 | ATL:0000000010FB33D0 |  | 0,314,758,1274
265062 | AtlAxWin140 |  | 0,420,758,1274
265194 | ATL:000000000CD1FCA0 |  | 0,420,758,1274
265200 | ATL:SysTreeView32 |  | 0,420,758,1274
199668 | XTPStatusBar |  | 0,314,0,314
132648 | XTPDockBar | xtpBarTop | 0,314,758,420
264706 | XTPToolBar | Tree Filter Options | 0,368,334,420
133976 | XTPToolBar | Tree Filter | 0,314,494,368
458978 | RICHEDIT50W |  | 252,326,418,360
131934 | XTPToolBar | Menu Bar | 0,314,94,366
265186 | XTPDockBar | xtpBarBottom | 0,1274,758,1274
2886548 | XTPDockBar | xtpBarLeft | 0,420,0,1274
263004 | XTPDockBar | xtpBarRight | 758,420,758,1274
330484 | Afx:00007FFF7AC30000:0:0000000000010003:0000000000000000:0000000000000000 |  | 0,314,0,314
264848 | XTPDockingPaneTabbedContainer | Details of "RMS displacement X - base X" | 0,1282,758,1952
133744 | ATL:0000000010FB33D0 |  | 0,1322,758,1952
133546 | AtlAxWin140 |  | 0,1322,758,1952
133548 | ATL:000000000CD1F8A0 |  | 0,1322,758,1952
133550 | ATL:SysListView32 |  | 0,1322,758,1952
199064 | SysHeader32 |  | 0,1322,758,1322
657772 | XTPDockingPaneSplitter | Splitter | 2762,274,2770,1952
2165742 | XTPDockingPaneSplitter | Splitter | 766,1512,2762,1520
199296 | XTPDockingPaneTabbedContainer | Geometry | 766,274,2762,1512
199322 | ATL:0000000010FB33D0 |  | 766,274,2762,1512
199066 | AtlAxWin140 |  | 766,326,2762,1512
264558 | ATL:000000000D1E05C0 |  | 766,326,2762,1512
264560 | WBGfxSplitWindow | Solution | 766,326,2762,1512
526808 | XTPStatusBar |  | 766,274,766,274
133596 | XTPDockBar | xtpBarTop | 766,274,2762,326
133662 | XTPToolBar | Graphics | 766,274,2762,326
133600 | XTPToolBar | Menu Bar | 766,274,860,326
133594 | XTPDockBar | xtpBarBottom | 766,1512,2762,1512
133598 | XTPDockBar | xtpBarLeft | 766,326,766,1512
133602 | XTPDockBar | xtpBarRight | 2762,326,2762,1512
133660 | Afx:00007FFF7AC30000:0:0000000000010003:0000000000000000:0000000000000000 |  | 766,274,766,274
198390 | XTPDockingPaneSplitter | Splitter | 1760,1520,1768,1952
2231270 | XTPDockingPaneTabbedContainer | Graph | 766,1520,1760,1952
264846 | ATL:0000000010FB33D0 |  | 766,1560,1760,1952
132666 | AtlAxWin140 |  | 766,1560,1760,1952
132668 | ATL:0000000010AD1BA0 |  | 766,1560,1760,1952
2885424 | WBGDiagrEditBar | EDIT | 766,1560,966,1760
1638476 | WBGScrollBar | test | 916,1936,1712,1936
133552 | XTPStatusBar |  | 766,1560,766,1560
133554 | XTPDockBar | xtpBarTop | 766,1560,1760,1560
133566 | XTPToolBar | Animation | 766,1560,2114,1614
199160 | RICHEDIT50W |  | 1234,1572,1388,1606
199152 | RICHEDIT50W |  | 1434,1572,1588,1606
133562 | XTPToolBar | Menu Bar | 766,1560,860,1612
133556 | XTPDockBar | xtpBarBottom | 766,1952,1760,1952
133558 | XTPDockBar | xtpBarLeft | 766,1560,766,1952
133560 | XTPDockBar | xtpBarRight | 1760,1560,1760,1952
133564 | Afx:00007FFF7AC30000:0:0000000000010003:0000000000000000:0000000000000000 |  | 766,1560,766,1560
198388 | XTPDockingPaneTabbedContainer | Tabular Data | 1768,1520,2762,1952
133742 | ATL:0000000010FB33D0 |  | 1768,1560,2762,1952
132670 | AtlAxWin140 |  | 1768,1560,2762,1952
132672 | ATL:000000000CD201A0 |  | 1768,1560,2762,1952
132678 | Edit |  | 1768,1560,1768,1560
132680 | Edit |  | 1768,1560,1768,1560
132682 | Edit |  | 1768,1560,1768,1560
132684 | ComboBox |  | 1768,1560,1768,1606
132688 | ComboBox |  | 1768,1560,1768,1606
132692 | Edit |  | 1774,1566,1774,1600
199174 | XTPDockingPaneTabbedContainer | Mechanical Scripting | 2770,274,3600,1952
656750 | ATL:0000000010FB33D0 |  | 2770,314,3600,1952
262654 | AtlAxWin140 |  | 2770,314,3600,1952
7210324 | ATL:000000000CD203A0 |  | 2770,314,3600,1952
264818 | Qt51519QWindowOwnDC | DS | 2770,314,3600,1952
330684 | ATL:0000000010FB3CF0 | MenuFrame | 0,274,3600,274
265166 | AtlAxWin140 |  | 0,274,3600,274
265176 | WBCommandContainer |  | 0,274,3600,274
330686 | ReBarWindow32 |  | 0,278,3600,278
461350 | ATL:0000000010FB3BF0 | StatusBarFrame | 0,1678,3600,1678
461586 | AtlAxWin140 |  | 0,1678,3600,1678
1837998 | ATL:000000000CD1F7A0 |  | 0,1678,3600,1678
199548 | ATL:msctls_statusbar32 |  | 0,1634,3600,1678
395826 | ATL:0000000010FB33D0 | AppletFrame | 0,0,0,0
199352 | XTPDockingPaneManager |  | 0,0,0,0
1049962 | ATL:0000000010FB3CF0 | MenuFrame | 0,0,0,0
526482 | AtlAxWin140 |  | 0,0,0,0
133814 | WBCommandContainer |  | 0,0,0,0
133880 | ReBarWindow32 |  | 0,4,0,4
133882 | ATL:0000000010FB3BF0 | StatusBarFrame | 0,1424,2752,1472
133886 | AtlAxWin140 |  | 0,1424,2752,1472
133900 | ATL:000000000CD1F7A0 |  | 0,1424,2752,1472
133912 | ATL:msctls_statusbar32 |  | 0,1428,2752,1472
