     136765.
     136766.
     136767.
     136768.
     136769.
     136784.
     136785.
     136786.
     136787.
     136788.
     136789.
     136790.
     136791.
     136815.
     136816.
     136817.
     136818.
     136819.
     136820.
     136821.
     136855.
     136860.
     136861.
     136862.
     136863.
     136868.
     136869.
     136870.
     136871.
     136872.
     136873.
     137019.
     137020.
     137021.
     137022.
     137045.
     137047.
     137048.
     137050.
     137052.
     137057.
     137058.
     137060.
     137061.
     137064.
     137067.
     137068.
     137069.
     137070.
     137073.
     137074.
     137075.
     137076.
     137077.
     137078.
     137084.
     137085.
     137086.
     137087.
     137088.
     137093.
     137229.
     137230.
     137231.
     137234.
     137235.
     137237.
     137239.
     137240.
     137241.
     137246.
     137247.
     137249.
     137252.
     137253.
     137254.
     137256.
     137258.
     137259.
     137262.
     137264.
     137265.
     137268.
     137439.
     137440.
     137441.
     137443.
     137447.
     137448.
     137449.
     137454.
     137456.
     137457.
     137464.
     137466.
     137467.
     137470.
     137471.
     137475.
     137476.
     137478.
     137482.
     137483.
     137733.
     137749.
     137752.
     137768.
     137769.
     138327.
     138337.
     138338.
     138339.
     138340.
     138341.
     138356.
     138358.
     138359.
     138360.
     138361.
     138362.
     138387.
     138388.
     138389.
     138390.
     138391.
     138392.
     138393.
     138432.
     138433.
     138434.
     138435.
     138440.
     138441.
     138442.
     138443.
     138444.
     138445.
     138446.
     138447.
     138448.
     138601.
     138602.
     138603.
     138620.
     138622.
     138632.
     138637.
     138639.
     138640.
     138641.
     138642.
     138647.
     138649.
     138652.
     138653.
     138654.
     138655.
     138656.
     138657.
     138659.
     138660.
     138665.
     138666.
     138667.
     138672.
     138673.
     138674.
     138677.
     138678.
     138683.
     138830.
     138831.
     138833.
     138834.
     138845.
     138846.
     138847.
     138850.
     138851.
     138854.
     138855.
     138857.
     138859.
     138860.
     138863.
     138865.
     138866.
     139057.
     139058.
     139059.
     139060.
     139061.
     139062.
     139066.
     139067.
     139068.
     139072.
     139073.
     139075.
     139076.
     139077.
     139082.
     139085.
     139086.
     139091.
     139092.
     139094.
     139097.
     139098.
     139100.
     139104.
     139105.
     139373.
     139377.
     139378.
     139379.
     139398.
     139400.
     139406.
     139410.
     139414.
     139417.
     139420.
     140022.
     140023.
     140042.
     140046.
     140047.
     140048.
     140049.
     140050.
     140064.
     140066.
     140067.
     140068.
     140069.
     140070.
     140092.
     140093.
     140094.
     140095.
     140096.
     140097.
     140098.
     140308.
     140310.
     140311.
     140312.
     140316.
     140318.
     140319.
     140320.
     140326.
     140328.
     140329.
     140335.
     140336.
     140337.
     140338.
     140344.
     140345.
     140484.
     140485.
     140486.
     140494.
     140496.
     140501.
     140507.
     140513.
     140515.
     140521.
     140522.
     140682.
     140683.
     140684.
     140692.
     140693.
     140700.
     140705.
     140710.
     141548.
     141549.
     141550.
     141551.
     141552.
     141567.
     141569.
     141570.
     141571.
     141572.
     141573.
     141596.
     141597.
     141598.
     141599.
     141600.
     141601.
     141602.
     141791.
     141805.
     141811.
     141826.
     141838.
     141840.
     141841.
     141842.
     141845.
     141846.
     141848.
     141849.
     141850.
     141853.
     141855.
     141856.
     141864.
     141865.
     141866.
     141867.
     141874.
     141875.
     142032.
     142033.
     142034.
     142042.
     142044.
     142048.
     142055.
     142067.
     142068.
     142070.
     142074.
     142077.
     142235.
     142236.
     142237.
     142244.
     142245.
     142250.
     142257.
     142259.
     142260.
     142261.
     142267.
     142272.
     143159.
     143160.
     143161.
     143178.
     143189.
     143207.
     143208.
     143209.
     143210.
     143211.
     143226.
     143227.
     143228.
     143229.
     143230.
     143231.
     143232.
     143233.
     143256.
     143257.
     143258.
     143259.
     143260.
     143261.
     143262.
     143263.
     143294.
     143297.
     143302.
     143303.
     143304.
     143305.
     143306.
     143307.
     143461.
     143463.
     143500.
     143502.
     143503.
     143504.
     143505.
     143508.
     143510.
     143511.
     143512.
     143513.
     143518.
     143520.
     143521.
     143524.
     143530.
     143531.
     143532.
     143533.
     143534.
     143538.
     143539.
     143541.
     143542.
     143544.
     143551.
     143689.
     143690.
     143691.
     143692.
     143693.
     143694.
     143701.
     143706.
     143707.
     143708.
     143713.
     143714.
     143715.
     143717.
     143718.
     143720.
     143722.
     143723.
     143727.
     143729.
     143730.
     143735.
     143900.
     143901.
     143902.
     143908.
     143909.
     143913.
     143914.
     143921.
     143922.
     143925.
     143930.
     143935.
     143939.
     143940.
     143941.
     144196.
     144207.
     144865.
     144866.
     144867.
     144868.
     144869.
     144884.
     144886.
     144887.
     144888.
     144889.
     144890.
     144891.
     144916.
     144917.
     144918.
     144919.
     144920.
     144921.
     144922.
     144961.
     144962.
     144963.
     144964.
     144965.
     144966.
     144967.
     144969.
     144973.
     145124.
     145125.
     145126.
     145142.
     145170.
     145172.
     145173.
     145174.
     145176.
     145182.
     145184.
     145185.
     145189.
     145190.
     145191.
     145192.
     145198.
     145199.
     145200.
     145201.
     145206.
     145207.
     145208.
     145209.
     145210.
     145211.
     145371.
     145372.
     145374.
     145375.
     145385.
     145386.
     145387.
     145388.
     145391.
     145393.
     145398.
     145402.
     145404.
     145409.
     145411.
     145590.
     145591.
     145592.
     145593.
     145594.
     145597.
     145598.
     145599.
     145604.
     145606.
     145610.
     145611.
     145615.
     145616.
     145620.
     145621.
     145623.
     145626.
     145627.
     145629.
     145633.
     145634.
     145884.
     145886.
     145891.
     145894.
     145899.
     145902.
     145908.
     145919.
     146541.
     146596.
     146597.
     146598.
     146599.
     146600.
     146615.
     146616.
     146617.
     146618.
     146619.
     146620.
     146621.
     146622.
     146645.
     146646.
     146647.
     146648.
     146649.
     146650.
     146651.
     146682.
     146683.
     146684.
     146685.
     146690.
     146691.
     146692.
     146693.
     146694.
     146695.
     146836.
     146857.
     146864.
     146866.
     146868.
     146870.
     146871.
     146875.
     146876.
     146878.
     146879.
     146880.
     146881.
     146882.
     146887.
     146888.
     146889.
     146892.
     146898.
     146899.
     146900.
     146901.
     146902.
     146904.
     146905.
     146912.
     146914.
     146915.
     146917.
     146918.
     146923.
     147065.
     147066.
     147067.
     147070.
     147071.
     147073.
     147077.
     147078.
     147082.
     147083.
     147084.
     147087.
     147088.
     147090.
     147091.
     147093.
     147094.
     147097.
     147099.
     147100.
     147105.
     147266.
     147267.
     147268.
     147269.
     147274.
     147275.
     147278.
     147279.
     147285.
     147286.
     147289.
     147292.
     147293.
     147296.
     147298.
     147528.
     147533.
     147555.
     147559.
     148119.
     148120.
     148121.
     148122.
     148123.
     148138.
     148140.
     148141.
     148142.
     148143.
     148144.
     148170.
     148171.
     148172.
     148173.
     148174.
     148175.
     148176.
     148215.
     148216.
     148217.
     148218.
     148219.
     148224.
     148225.
     148226.
     148227.
     148228.
     148229.
     148230.
     148231.
     148232.
     148371.
     148373.
     148376.
     148377.
     148378.
     148402.
     148403.
     148404.
     148406.
     148408.
     148426.
     148428.
     148431.
     148432.
     148433.
     148434.
     148436.
     148437.
     148438.
     148443.
     148444.
     148445.
     148446.
     148447.
     148448.
     148453.
     148454.
     148455.
     148456.
     148462.
     148463.
     148464.
     148465.
     148466.
     148467.
     148472.
     148622.
     148623.
     148625.
     148626.
     148637.
     148638.
     148639.
     148642.
     148643.
     148648.
     148649.
     148651.
     148654.
     148655.
     148656.
     148657.
     148659.
     148661.
     148662.
     148663.
     148862.
     148863.
     148864.
     148866.
     148867.
     148871.
     148872.
     148876.
     148877.
     148878.
     148880.
     148885.
     148886.
     148887.
     148888.
     148892.
     148893.
     148896.
     148897.
     148901.
     148902.
     148904.
     148908.
     148909.
     149172.
     149174.
     149178.
     149181.
     149199.
     149201.
     149204.
     149205.
     149206.
     149207.
     149208.
     149209.
     149210.
     149213.
     149216.
     149219.
     149220.
     149223.
     149804.
     149805.
     149806.
     149808.
     149860.
     149862.
