Result=4566
Times=[0.2000732421875, 0.20013427734375, 0.2001953125, 0.20025634765625]
Maximum=0 [m]
1,44,-1.62604465004e-06,-9.5767586572e-07,3.51578989921e-07
1,2064,-3.94682331262e-07,1.88324088413e-06,4.5512174438e-06
1,2075,1.05947748352e-07,1.85183097301e-07,3.58933220923e-06
1,2185,-2.79196086694e-07,4.36706699247e-07,4.79327013636e-07
1,42154,2.9618595363e-05,-1.34951875452e-07,1.70801953914e-07
1,42242,1.58978928084e-05,-9.93084867673e-08,1.37658771564e-05
1,136765,0.0,0.0,0.0
2,44,4.73605126672e-07,-2.77800540971e-06,-3.64071979675e-07
2,2064,-1.33990951667e-07,2.28533622249e-06,5.65320488022e-06
2,2075,3.34815808856e-07,1.64938839475e-07,4.74733860756e-06
2,2185,2.4853134164e-06,7.13315614576e-07,-6.82404697727e-06
2,42154,2.3658216378e-05,-1.24092423448e-07,1.09324687969e-07
2,42242,1.27888406496e-05,-1.03493370318e-07,1.09084348878e-05
2,136765,0.0,0.0,0.0
3,44,2.3147988486e-06,-4.23352548751e-06,-9.54053348323e-07
3,2064,-8.83089441572e-08,2.41745101448e-06,6.22832749286e-06
3,2075,5.3464185612e-07,1.30005275878e-07,5.01958356836e-06
3,2185,4.96177381137e-06,7.65705976846e-07,-1.34031697598e-05
3,42154,1.68694004969e-05,-1.12879789071e-07,6.86914987114e-08
3,42242,9.21374794416e-06,-1.07462156507e-07,7.70697988628e-06
3,136765,0.0,0.0,0.0
4,44,3.73835723622e-06,-5.181949291e-06,-1.39727569604e-06
4,2064,-5.73990490693e-08,2.2162660116e-06,5.97017879045e-06
4,2075,7.01227577338e-07,8.01049964139e-08,4.49525214208e-06
4,2185,6.88653335601e-06,6.44443787223e-07,-1.85343415069e-05
4,42154,9.33416231419e-06,-8.70930279007e-08,2.20312319499e-08
4,42242,5.21130550624e-06,-9.29943198003e-08,4.16458078689e-06
4,136765,0.0,0.0,0.0
