1.00006103515625
1.0001220703125
1.00018310546875
1.000244140625
1.00030517578125
1.0003662109375
1.00042724609375
1.00048828125
1.00054931640625
1.0006103515625
1.00067138671875
1.000732421875
1.00079345703125
1.0008544921875
1.00091552734375
1.0009765625
1.00103759765625
1.0010986328125
1.00115966796875
1.001220703125
1.00128173828125
1.0013427734375
1.00140380859375
1.00146484375
1.00152587890625
1.0015869140625
1.00164794921875
1.001708984375
1.00177001953125
1.0018310546875
1.00189208984375
1.001953125
1.00201416015625
1.0020751953125
1.00213623046875
1.002197265625
1.00225830078125
1.0023193359375
1.00238037109375
1.00244140625
1.00250244140625
1.0025634765625
1.00262451171875
1.002685546875
1.00274658203125
1.0028076171875
1.00286865234375
1.0029296875
1.00299072265625
1.0030517578125
1.00311279296875
1.003173828125
1.00323486328125
1.0032958984375
1.00335693359375
1.00341796875
1.00347900390625
1.0035400390625
1.00360107421875
1.003662109375
1.00372314453125
1.0037841796875
1.00384521484375
1.00390625
1.00396728515625
1.0040283203125
1.00408935546875
1.004150390625
1.00421142578125
1.0042724609375
1.00433349609375
1.00439453125
1.00445556640625
1.0045166015625
1.00457763671875
1.004638671875
1.00469970703125
1.0047607421875
1.00482177734375
1.0048828125
1.00494384765625
1.0050048828125
1.00506591796875
1.005126953125
1.00518798828125
1.0052490234375
1.00531005859375
1.00537109375
1.00543212890625
1.0054931640625
1.00555419921875
1.005615234375
1.00567626953125
1.0057373046875
1.00579833984375
1.005859375
1.00592041015625
1.0059814453125
1.00604248046875
1.006103515625
1.00616455078125
1.0062255859375
1.00628662109375
1.00634765625
1.00640869140625
1.0064697265625
1.00653076171875
1.006591796875
1.00665283203125
1.0067138671875
1.00677490234375
1.0068359375
1.00689697265625
1.0069580078125
1.00701904296875
1.007080078125
1.00714111328125
1.0072021484375
1.00726318359375
1.00732421875
1.00738525390625
1.0074462890625
1.00750732421875
1.007568359375
1.00762939453125
1.0076904296875
1.00775146484375
1.0078125
1.00787353515625
1.0079345703125
1.00799560546875
1.008056640625
1.00811767578125
1.0081787109375
1.00823974609375
1.00830078125
1.00836181640625
1.0084228515625
1.00848388671875
1.008544921875
1.00860595703125
1.0086669921875
1.00872802734375
1.0087890625
1.00885009765625
1.0089111328125
1.00897216796875
1.009033203125
1.00909423828125
1.0091552734375
1.00921630859375
1.00927734375
1.00933837890625
1.0093994140625
1.00946044921875
1.009521484375
1.00958251953125
1.0096435546875
1.00970458984375
1.009765625
1.00982666015625
1.0098876953125
1.00994873046875
1.010009765625
1.01007080078125
1.0101318359375
1.01019287109375
1.01025390625
1.01031494140625
1.0103759765625
1.01043701171875
1.010498046875
1.01055908203125
1.0106201171875
1.01068115234375
1.0107421875
1.01080322265625
1.0108642578125
1.01092529296875
1.010986328125
1.01104736328125
1.0111083984375
1.01116943359375
1.01123046875
1.01129150390625
1.0113525390625
1.01141357421875
1.011474609375
1.01153564453125
1.0115966796875
1.01165771484375
1.01171875
1.01177978515625
1.0118408203125
1.01190185546875
1.011962890625
1.01202392578125
1.0120849609375
1.01214599609375
1.01220703125
1.01226806640625
1.0123291015625
1.01239013671875
1.012451171875
1.01251220703125
1.0125732421875
1.01263427734375
1.0126953125
1.01275634765625
1.0128173828125
1.01287841796875
1.012939453125
1.01300048828125
1.0130615234375
1.01312255859375
1.01318359375
1.01324462890625
1.0133056640625
1.01336669921875
1.013427734375
1.01348876953125
1.0135498046875
1.01361083984375
1.013671875
1.01373291015625
1.0137939453125
1.01385498046875
1.013916015625
1.01397705078125
1.0140380859375
1.01409912109375
1.01416015625
1.01422119140625
1.0142822265625
1.01434326171875
1.014404296875
1.01446533203125
1.0145263671875
1.01458740234375
1.0146484375
1.01470947265625
1.0147705078125
1.01483154296875
1.014892578125
1.01495361328125
1.0150146484375
1.01507568359375
1.01513671875
1.01519775390625
1.0152587890625
1.01531982421875
1.015380859375
1.01544189453125
1.0155029296875
1.01556396484375
1.015625
1.01568603515625
1.0157470703125
1.01580810546875
1.015869140625
1.01593017578125
1.0159912109375
1.01605224609375
1.01611328125
1.01617431640625
1.0162353515625
1.01629638671875
1.016357421875
1.01641845703125
1.0164794921875
1.01654052734375
1.0166015625
1.01666259765625
1.0167236328125
1.01678466796875
1.016845703125
1.01690673828125
1.0169677734375
1.01702880859375
1.01708984375
1.01715087890625
1.0172119140625
1.01727294921875
1.017333984375
1.01739501953125
1.0174560546875
1.01751708984375
1.017578125
1.01763916015625
1.0177001953125
1.01776123046875
1.017822265625
1.01788330078125
1.0179443359375
1.01800537109375
1.01806640625
1.01812744140625
1.0181884765625
1.01824951171875
1.018310546875
1.01837158203125
1.0184326171875
1.01849365234375
1.0185546875
1.01861572265625
1.0186767578125
1.01873779296875
1.018798828125
1.01885986328125
1.0189208984375
1.01898193359375
1.01904296875
1.01910400390625
1.0191650390625
1.01922607421875
1.019287109375
1.01934814453125
1.0194091796875
1.01947021484375
1.01953125
1.01959228515625
1.0196533203125
1.01971435546875
1.019775390625
1.01983642578125
1.0198974609375
1.01995849609375
1.02001953125
1.02008056640625
1.0201416015625
1.02020263671875
1.020263671875
1.02032470703125
1.0203857421875
1.02044677734375
1.0205078125
1.02056884765625
1.0206298828125
1.02069091796875
1.020751953125
1.02081298828125
1.0208740234375
1.02093505859375
1.02099609375
1.02105712890625
1.0211181640625
1.02117919921875
1.021240234375
1.02130126953125
1.0213623046875
1.02142333984375
1.021484375
1.02154541015625
1.0216064453125
1.02166748046875
1.021728515625
1.02178955078125
1.0218505859375
1.02191162109375
1.02197265625
1.02203369140625
1.0220947265625
1.02215576171875
1.022216796875
1.02227783203125
1.0223388671875
1.02239990234375
1.0224609375
1.02252197265625
1.0225830078125
1.02264404296875
1.022705078125
1.02276611328125
1.0228271484375
1.02288818359375
1.02294921875
1.02301025390625
1.0230712890625
1.02313232421875
1.023193359375
1.02325439453125
1.0233154296875
1.02337646484375
1.0234375
1.02349853515625
1.0235595703125
1.02362060546875
1.023681640625
1.02374267578125
1.0238037109375
1.02386474609375
1.02392578125
1.02398681640625
1.0240478515625
1.02410888671875
1.024169921875
1.02423095703125
1.0242919921875
1.02435302734375
1.0244140625
1.02447509765625
1.0245361328125
1.02459716796875
1.024658203125
1.02471923828125
1.0247802734375
1.02484130859375
1.02490234375
1.02496337890625
1.0250244140625
1.02508544921875
1.025146484375
1.02520751953125
1.0252685546875
1.02532958984375
1.025390625
1.02545166015625
1.0255126953125
1.02557373046875
1.025634765625
1.02569580078125
1.0257568359375
1.02581787109375
1.02587890625
1.02593994140625
1.0260009765625
1.02606201171875
1.026123046875
1.02618408203125
1.0262451171875
1.02630615234375
1.0263671875
1.02642822265625
1.0264892578125
1.02655029296875
1.026611328125
1.02667236328125
1.0267333984375
1.02679443359375
1.02685546875
1.02691650390625
1.0269775390625
1.02703857421875
1.027099609375
1.02716064453125
1.0272216796875
1.02728271484375
1.02734375
1.02740478515625
1.0274658203125
1.02752685546875
1.027587890625
1.02764892578125
1.0277099609375
1.02777099609375
1.02783203125
1.02789306640625
1.0279541015625
1.02801513671875
1.028076171875
1.02813720703125
1.0281982421875
1.02825927734375
1.0283203125
1.02838134765625
1.0284423828125
1.02850341796875
1.028564453125
1.02862548828125
1.0286865234375
1.02874755859375
1.02880859375
1.02886962890625
1.0289306640625
1.02899169921875
1.029052734375
1.02911376953125
1.0291748046875
1.02923583984375
1.029296875
